   1000.0000000000000        878.71868648650650        0.0000000000000000        477.33999415451115     
   897.03519013944515        878.71868648650650        0.0000000000000000        146.15715595203409     
   943.48468290759763       -25.665261088540859        81.892240718278430        3.9891026116877915     
   1000.0298098605549       -25.665261088540859        81.892240718278430        335.17194081416483     
   1000.0000000000000        821.74666297647627        0.0000000000000000        569.85298269555938     
   829.18782702245721        821.74666297647627        0.0000000000000000       -33.484119180561493     
   949.82602124349603        126.23217853878640       -12.122469973360982       -57.494036467680012     
   1092.8771729775431        126.23217853878640       -12.122469973360982        545.84306540844091     
   1000.0000000000000        821.74666297647627        0.0000000000000000        569.85298269555938     
   829.18782702245721        821.74666297647627        0.0000000000000000       -33.484119180561493     
   949.25502204689440        122.31797676167116       -11.746576963654459       -56.595389801804629     
   1092.8771729775431        122.31797676167116       -11.746576963654459        546.74171207431618     
   1000.0000000000000        356.97376980996256        0.0000000000000000        934.11440823255896     
   411.03629450229369        356.97376980996256        0.0000000000000000       -174.23224424281636     
   956.04778679271578        125.58369260222081       -124.32401366492742        4.1541767997827694     
   1466.0287054977064        125.58369260222081       -124.32401366492742        1112.5008292751581     
   1000.0000000000000        850.14990546980300        0.0000000000000000        526.54072798757454     
   879.06450900283687        850.14990546980300        0.0000000000000000        197.06816355295206     
   948.97555915905969        6.4321897306382620        50.563138324703573        123.18367844108231     
   1043.0004909971631        6.4321897306382620        50.563138324703573        452.65624287570478     
   1000.0000000000000        500.46953234827254        0.0000000000000000        865.75414939294478     
   516.51724051406313        500.46953234827254        0.0000000000000000       -71.809601080998959     
   955.32536309953059       -151.32938461114028        32.172557061642287        76.996779683172107     
   1390.5477594859369       -151.32938461114028        32.172557061642287        1014.5605301571159     
   1000.0000000000000        500.46953234827254        0.0000000000000000        865.75414939294478     
   516.51724051406313        500.46953234827254        0.0000000000000000       -71.809601080998959     
   953.92794375741505       -141.90264134952659        30.168435811370635        78.419630928568154     
   1390.5477594859371       -141.90264134952659        30.168435811370635        1015.9833814025119     
   1000.0000000000000        500.46953234827254        0.0000000000000000        865.75414939294478     
   516.51724051406313        500.46953234827254        0.0000000000000000       -71.809601080998959     
   952.27045298657151       -133.94085274263847        28.475763242020982        72.702168334989821     
   1385.5477594859369       -133.94085274263847        28.475763242020982        1010.2659188089335     
   1000.0000000000000        500.46953234827254        0.0000000000000000        865.75414939294478     
   516.51724051406313        500.46953234827254        0.0000000000000000       -71.809601080998959     
   952.27045298657151       -133.94085274263847        28.475763242020982        72.702168334989821     
   1385.5477594859369       -133.94085274263847        28.475763242020982        1010.2659188089335     
   1000.0000000000000        500.46953234827254        0.0000000000000000        865.75414939294478     
   516.51724051406313        500.46953234827254        0.0000000000000000       -71.809601080998959     
   952.27045298657151       -133.94085274263847        28.475763242020982        72.702168334989821     
   1385.5477594859369       -133.94085274263847        28.475763242020982        1010.2659188089335     
   1000.0000000000000        528.00126859171189        0.0000000000000000        849.24358129193001     
   545.01211853921620        528.00126859171189        0.0000000000000000       -84.197277795637319     
   951.32377605169211       -13.865165269873168        143.97068755956815        36.259288077874892     
   1357.0528814607837       -13.865165269873168        143.97068755956815        969.70014716544222     
   1000.0000000000000        528.00126859171189        0.0000000000000000        849.24358129193001     
   545.01211853921620        528.00126859171189        0.0000000000000000       -84.197277795637319     
   951.32377605169211       -13.865165269873168        143.97068755956815        36.259288077874892     
   1357.0528814607837       -13.865165269873168        143.97068755956815        969.70014716544222     
   1000.0000000000000        579.94466441683892        0.0000000000000000        814.65586980911155     
   596.82165040007794        579.94466441683892        0.0000000000000000       -93.255458117803073     
   954.61873705225901       -168.28416689799352       -5.7596387407755794        12.720441787690216     
   1325.2433495999221       -168.28416689799352       -5.7596387407755794        920.63176971460484     
   1000.0000000000000        579.94466441683892        0.0000000000000000        814.65586980911155     
   596.82165040007794        579.94466441683892        0.0000000000000000       -93.255458117803073     
   954.61873705225901       -168.28416689799352       -5.7596387407755794        12.720441787690216     
   1325.2433495999221       -168.28416689799352       -5.7596387407755794        920.63176971460484     
   1000.0000000000000        579.94466441683892        0.0000000000000000        814.65586980911155     
   596.82165040007794        579.94466441683892        0.0000000000000000       -93.255458117803073     
   954.61873705225901       -168.28416689799352       -5.7596387407755794        12.720441787690216     
   1325.2433495999221       -168.28416689799352       -5.7596387407755794        920.63176971460484     
   1000.0000000000000        517.31476498492941        0.0000000000000000        855.79520560037452     
   569.06088693109893        517.31476498492941        0.0000000000000000       -212.25465561783187     
   957.53988331100345       -50.128403615922508       -74.875298926749693       -161.18645001301766     
   1308.0041130689010       -50.128403615922508       -74.875298926749693        906.86341120518875     
   1000.0000000000000        517.31476498492941        0.0000000000000000        855.79520560037452     
   569.06088693109893        517.31476498492941        0.0000000000000000       -212.25465561783187     
   957.53988331100345       -50.128403615922508       -74.875298926749693       -161.18645001301766     
   1308.0041130689010       -50.128403615922508       -74.875298926749693        906.86341120518875     
   1000.0000000000000        517.31476498492941        0.0000000000000000        855.79520560037452     
   569.06088693109893        517.31476498492941        0.0000000000000000       -212.25465561783187     
   956.04778679271578       -54.144164616168432       -80.873521164496964       -147.55630931519980     
   1318.0041130689010       -54.144164616168432       -80.873521164496964        920.49355190300662     
   1000.0000000000000        517.31476498492941        0.0000000000000000        855.79520560037452     
   569.06088693109893        517.31476498492941        0.0000000000000000       -212.25465561783187     
   956.04778679271578       -54.144164616168432       -80.873521164496964       -147.55630931519980     
   1318.0041130689010       -54.144164616168432       -80.873521164496964        920.49355190300662     
   1000.0000000000000        517.31476498492941        0.0000000000000000        855.79520560037452     
   569.06088693109893        517.31476498492941        0.0000000000000000       -212.25465561783187     
   956.04778679271578       -54.144164616168432       -80.873521164496964       -147.55630931519980     
   1318.0041130689010       -54.144164616168432       -80.873521164496964        920.49355190300662     
   1000.0000000000000        517.31476498492941        0.0000000000000000        855.79520560037452     
   569.06088693109893        517.31476498492941        0.0000000000000000       -212.25465561783187     
   956.04778679271578       -54.144164616168432       -80.873521164496964       -147.55630931519980     
   1318.0041130689010       -54.144164616168432       -80.873521164496964        920.49355190300662     
   1000.0000000000000        517.31476498492941        0.0000000000000000        855.79520560037452     
   569.06088693109893        517.31476498492941        0.0000000000000000       -212.25465561783187     
   957.53988331100345       -50.128403615922508       -74.875298926749693       -161.18645001301766     
   1308.0041130689010       -50.128403615922508       -74.875298926749693        906.86341120518875     
   1000.0000000000000        517.31476498492941        0.0000000000000000        855.79520560037452     
   569.06088693109893        517.31476498492941        0.0000000000000000       -212.25465561783187     
   956.04778679271578       -54.144164616168432       -80.873521164496964       -147.55630931519980     
   1318.0041130689010       -54.144164616168432       -80.873521164496964        920.49355190300662     
   1000.0000000000000        517.31476498492941        0.0000000000000000        855.79520560037452     
   569.06088693109893        517.31476498492941        0.0000000000000000       -212.25465561783187     
   956.04778679271578       -54.144164616168432       -80.873521164496964       -147.55630931519980     
   1318.0041130689010       -54.144164616168432       -80.873521164496964        920.49355190300662     
   1000.0000000000000        517.31476498492941        0.0000000000000000        855.79520560037452     
   569.06088693109893        517.31476498492941        0.0000000000000000       -212.25465561783187     
   956.04778679271578       -54.144164616168432       -80.873521164496964       -147.55630931519980     
   1318.0041130689010       -54.144164616168432       -80.873521164496964        920.49355190300662     
   1000.0000000000000        517.31476498492941        0.0000000000000000        855.79520560037452     
   569.06088693109893        517.31476498492941        0.0000000000000000       -212.25465561783187     
   956.04778679271578       -54.144164616168432       -80.873521164496964       -147.55630931519980     
   1318.0041130689010       -54.144164616168432       -80.873521164496964        920.49355190300662     
   1000.0000000000000        517.31476498492941        0.0000000000000000        855.79520560037452     
   569.06088693109893        517.31476498492941        0.0000000000000000       -212.25465561783187     
   956.04778679271578       -54.144164616168432       -80.873521164496964       -147.55630931519980     
   1318.0041130689010       -54.144164616168432       -80.873521164496964        920.49355190300662     
   1000.0000000000000        517.31476498492941        0.0000000000000000        855.79520560037452     
   569.06088693109893        517.31476498492941        0.0000000000000000       -212.25465561783187     
   956.04778679271578       -54.144164616168432       -80.873521164496964       -147.55630931519980     
   1318.0041130689010       -54.144164616168432       -80.873521164496964        920.49355190300662     
   1000.0000000000000        517.31476498492941        0.0000000000000000        855.79520560037452     
   569.06088693109893        517.31476498492941        0.0000000000000000       -212.25465561783187     
   956.04778679271578       -54.144164616168432       -80.873521164496964       -147.55630931519980     
   1318.0041130689010       -54.144164616168432       -80.873521164496964        920.49355190300662     
   1000.0000000000000        517.31476498492941        0.0000000000000000        855.79520560037452     
   569.06088693109893        517.31476498492941        0.0000000000000000       -212.25465561783187     
   956.04778679271578       -54.144164616168432       -80.873521164496964       -147.55630931519980     
   1318.0041130689010       -54.144164616168432       -80.873521164496964        920.49355190300662     
   1000.0000000000000        517.31476498492941        0.0000000000000000        855.79520560037452     
   569.06088693109893        517.31476498492941        0.0000000000000000       -212.25465561783187     
   956.04778679271578       -54.144164616168432       -80.873521164496964       -147.55630931519980     
   1318.0041130689010       -54.144164616168432       -80.873521164496964        920.49355190300662     
   1000.0000000000000        517.31476498492941        0.0000000000000000        855.79520560037452     
   569.06088693109893        517.31476498492941        0.0000000000000000       -212.25465561783187     
   956.04778679271578       -54.144164616168432       -80.873521164496964       -147.55630931519980     
   1318.0041130689010       -54.144164616168432       -80.873521164496964        920.49355190300662     
   1000.0000000000000        517.31476498492941        0.0000000000000000        855.79520560037452     
   569.06088693109893        517.31476498492941        0.0000000000000000       -212.25465561783187     
   956.04778679271578       -54.144164616168432       -80.873521164496964       -147.55630931519980     
   1318.0041130689010       -54.144164616168432       -80.873521164496964        920.49355190300662     
   1000.0000000000000        517.31476498492941        0.0000000000000000        855.79520560037452     
   569.06088693109893        517.31476498492941        0.0000000000000000       -212.25465561783187     
   956.04778679271578       -54.144164616168432       -80.873521164496964       -147.55630931519980     
   1318.0041130689010       -54.144164616168432       -80.873521164496964        920.49355190300662     
   1000.0000000000000        517.31476498492941        0.0000000000000000        855.79520560037452     
   569.06088693109893        517.31476498492941        0.0000000000000000       -212.25465561783187     
   956.04778679271578       -54.144164616168432       -80.873521164496964       -147.55630931519980     
   1318.0041130689010       -54.144164616168432       -80.873521164496964        920.49355190300662     
   1000.0000000000000        517.31476498492941        0.0000000000000000        855.79520560037452     
   569.06088693109893        517.31476498492941        0.0000000000000000       -212.25465561783187     
   956.04778679271578       -54.144164616168432       -80.873521164496964       -147.55630931519980     
   1318.0041130689010       -54.144164616168432       -80.873521164496964        920.49355190300662     
   1000.0000000000000        517.31476498492941        0.0000000000000000        855.79520560037452     
   569.06088693109893        517.31476498492941        0.0000000000000000       -212.25465561783187     
   956.04778679271578       -54.144164616168432       -80.873521164496964       -147.55630931519980     
   1318.0041130689010       -54.144164616168432       -80.873521164496964        920.49355190300662     
   1000.0000000000000        517.31476498492941        0.0000000000000000        855.79520560037452     
   569.06088693109893        517.31476498492941        0.0000000000000000       -212.25465561783187     
   956.04778679271578       -54.144164616168432       -80.873521164496964       -147.55630931519980     
   1318.0041130689010       -54.144164616168432       -80.873521164496964        920.49355190300662     
   1000.0000000000000        517.31476498492941        0.0000000000000000        855.79520560037452     
   569.06088693109893        517.31476498492941        0.0000000000000000       -212.25465561783187     
   956.04778679271578       -54.144164616168432       -80.873521164496964       -147.55630931519980     
   1318.0041130689010       -54.144164616168432       -80.873521164496964        920.49355190300662     
   1000.0000000000000        517.31476498492941        0.0000000000000000        855.79520560037452     
   569.06088693109893        517.31476498492941        0.0000000000000000       -212.25465561783187     
   956.04778679271578       -54.144164616168432       -80.873521164496964       -147.55630931519980     
   1318.0041130689010       -54.144164616168432       -80.873521164496964        920.49355190300662     
   1000.0000000000000        517.31476498492941        0.0000000000000000        855.79520560037452     
   569.06088693109893        517.31476498492941        0.0000000000000000       -212.25465561783187     
   956.04778679271578       -54.144164616168432       -80.873521164496964       -147.55630931519980     
   1318.0041130689010       -54.144164616168432       -80.873521164496964        920.49355190300662     
   1000.0000000000000        517.31476498492941        0.0000000000000000        855.79520560037452     
   569.06088693109893        517.31476498492941        0.0000000000000000       -212.25465561783187     
   956.04778679271578       -54.144164616168432       -80.873521164496964       -147.55630931519980     
   1318.0041130689010       -54.144164616168432       -80.873521164496964        920.49355190300662     
   1000.0000000000000        517.31476498492941        0.0000000000000000        855.79520560037452     
   569.06088693109893        517.31476498492941        0.0000000000000000       -212.25465561783187     
   956.04778679271578       -54.144164616168432       -80.873521164496964       -147.55630931519980     
   1318.0041130689010       -54.144164616168432       -80.873521164496964        920.49355190300662     
   1000.0000000000000        517.31476498492941        0.0000000000000000        855.79520560037452     
   569.06088693109893        517.31476498492941        0.0000000000000000       -212.25465561783187     
   956.04778679271578       -54.144164616168432       -80.873521164496964       -147.55630931519980     
   1318.0041130689010       -54.144164616168432       -80.873521164496964        920.49355190300662     
   1000.0000000000000        517.31476498492941        0.0000000000000000        855.79520560037452     
   569.06088693109893        517.31476498492941        0.0000000000000000       -212.25465561783187     
   956.04778679271578       -54.144164616168432       -80.873521164496964       -147.55630931519980     
   1318.0041130689010       -54.144164616168432       -80.873521164496964        920.49355190300662     
   1000.0000000000000        517.31476498492941        0.0000000000000000        855.79520560037452     
   569.06088693109893        517.31476498492941        0.0000000000000000       -212.25465561783187     
   956.04778679271578       -54.144164616168432       -80.873521164496964       -147.55630931519980     
   1318.0041130689010       -54.144164616168432       -80.873521164496964        920.49355190300662     
   1000.0000000000000        517.31476498492941        0.0000000000000000        855.79520560037452     
   569.06088693109893        517.31476498492941        0.0000000000000000       -212.25465561783187     
   956.04778679271578       -54.144164616168432       -80.873521164496964       -147.55630931519980     
   1318.0041130689010       -54.144164616168432       -80.873521164496964        920.49355190300662     
   1000.0000000000000        571.29804500471062        0.0000000000000000        820.74267817251689     
   589.13742837251584        571.29804500471062        0.0000000000000000       -97.661482434096115     
   942.63677555633808       -74.582643869085373        14.254893308258840        3.9910721012456531     
   1317.9275716274842       -74.582643869085373        14.254893308258840        922.39523270785867     
   1000.0000000000000        571.29804500471062        0.0000000000000000        820.74267817251689     
   589.13742837251584        571.29804500471062        0.0000000000000000       -97.661482434096115     
   942.63677555633808       -74.582643869085373        14.254893308258840        3.9910721012456531     
   1317.9275716274842       -74.582643869085373        14.254893308258840        922.39523270785867     
   1000.0000000000000        571.29804500471062        0.0000000000000000        820.74267817251689     
   589.13742837251584        571.29804500471062        0.0000000000000000       -97.661482434096115     
   942.63677555633808       -74.582643869085373        14.254893308258840        3.9910721012456531     
   1317.9275716274842       -74.582643869085373        14.254893308258840        922.39523270785867     
   1000.0000000000000        571.29804500471062        0.0000000000000000        820.74267817251689     
   589.13742837251584        571.29804500471062        0.0000000000000000       -97.661482434096115     
   942.63677555633808       -74.582643869085373        14.254893308258840        3.9910721012456531     
   1317.9275716274842       -74.582643869085373        14.254893308258840        922.39523270785867     
   1000.0000000000000        571.29804500471062        0.0000000000000000        820.74267817251689     
   589.13742837251584        571.29804500471062        0.0000000000000000       -97.661482434096115     
   942.63677555633808       -74.582643869085373        14.254893308258840        3.9910721012456531     
   1317.9275716274842       -74.582643869085373        14.254893308258840        922.39523270785867     
   1000.0000000000000        571.29804500471062        0.0000000000000000        820.74267817251689     
   589.13742837251584        571.29804500471062        0.0000000000000000       -97.661482434096115     
   942.63677555633808       -74.582643869085373        14.254893308258840        3.9910721012456531     
   1317.9275716274842       -74.582643869085373        14.254893308258840        922.39523270785867     
   1000.0000000000000        571.29804500471062        0.0000000000000000        820.74267817251689     
   589.13742837251584        571.29804500471062        0.0000000000000000       -97.661482434096115     
   942.63677555633808       -74.582643869085373        14.254893308258840        3.9910721012456531     
   1317.9275716274842       -74.582643869085373        14.254893308258840        922.39523270785867     
   1000.0000000000000        571.29804500471062        0.0000000000000000        820.74267817251689     
   589.13742837251584        571.29804500471062        0.0000000000000000       -97.661482434096115     
   942.63677555633808       -74.582643869085373        14.254893308258840        3.9910721012456531     
   1317.9275716274842       -74.582643869085373        14.254893308258840        922.39523270785867     
   1000.0000000000000        571.29804500471062        0.0000000000000000        820.74267817251689     
   589.13742837251584        571.29804500471062        0.0000000000000000       -97.661482434096115     
   942.63677555633808       -74.582643869085373        14.254893308258840        3.9910721012456531     
   1317.9275716274842       -74.582643869085373        14.254893308258840        922.39523270785867     
   1000.0000000000000        571.29804500471062        0.0000000000000000        820.74267817251689     
   589.13742837251584        571.29804500471062        0.0000000000000000       -97.661482434096115     
   942.63677555633808       -74.582643869085373        14.254893308258840        3.9910721012456531     
   1317.9275716274842       -74.582643869085373        14.254893308258840        922.39523270785867     
   1000.0000000000000        571.29804500471062        0.0000000000000000        820.74267817251689     
   589.13742837251584        571.29804500471062        0.0000000000000000       -97.661482434096115     
   942.63677555633808       -74.582643869085373        14.254893308258840        3.9910721012456531     
   1317.9275716274842       -74.582643869085373        14.254893308258840        922.39523270785867     
   1000.0000000000000        571.29804500471062        0.0000000000000000        820.74267817251689     
   589.13742837251584        571.29804500471062        0.0000000000000000       -97.661482434096115     
   942.63677555633808       -74.582643869085373        14.254893308258840        3.9910721012456531     
   1317.9275716274842       -74.582643869085373        14.254893308258840        922.39523270785867     
   1000.0000000000000        571.29804500471062        0.0000000000000000        820.74267817251689     
   589.13742837251584        571.29804500471062        0.0000000000000000       -97.661482434096115     
   942.63677555633808       -74.582643869085373        14.254893308258840        3.9910721012456531     
   1317.9275716274842       -74.582643869085373        14.254893308258840        922.39523270785867     
   1000.0000000000000        571.29804500471062        0.0000000000000000        820.74267817251689     
   589.13742837251584        571.29804500471062        0.0000000000000000       -97.661482434096115     
   942.63677555633808       -74.582643869085373        14.254893308258840        3.9910721012456531     
   1317.9275716274842       -74.582643869085373        14.254893308258840        922.39523270785867     
   1000.0000000000000        571.29804500471062        0.0000000000000000        820.74267817251689     
   589.13742837251584        571.29804500471062        0.0000000000000000       -97.661482434096115     
   942.63677555633808       -74.582643869085373        14.254893308258840        3.9910721012456531     
   1317.9275716274842       -74.582643869085373        14.254893308258840        922.39523270785867     
   1000.0000000000000        571.29804500471062        0.0000000000000000        820.74267817251689     
   589.13742837251584        571.29804500471062        0.0000000000000000       -97.661482434096115     
   942.63677555633808       -74.582643869085373        14.254893308258840        3.9910721012456531     
   1317.9275716274842       -74.582643869085373        14.254893308258840        922.39523270785867     
   1000.0000000000000        571.29804500471062        0.0000000000000000        820.74267817251689     
   589.13742837251584        571.29804500471062        0.0000000000000000       -97.661482434096115     
   942.63677555633808       -74.582643869085373        14.254893308258840        3.9910721012456531     
   1317.9275716274842       -74.582643869085373        14.254893308258840        922.39523270785867     
   1000.0000000000000        571.29804500471062        0.0000000000000000        820.74267817251689     
   589.13742837251584        571.29804500471062        0.0000000000000000       -97.661482434096115     
   942.63677555633808       -74.582643869085373        14.254893308258840        3.9910721012456531     
   1317.9275716274842       -74.582643869085373        14.254893308258840        922.39523270785867     
   1000.0000000000000        571.29804500471062        0.0000000000000000        820.74267817251689     
   589.13742837251584        571.29804500471062        0.0000000000000000       -97.661482434096115     
   942.63677555633808       -74.582643869085373        14.254893308258840        3.9910721012456531     
   1317.9275716274842       -74.582643869085373        14.254893308258840        922.39523270785867     
   1000.0000000000000        571.29804500471062        0.0000000000000000        820.74267817251689     
   589.13742837251584        571.29804500471062        0.0000000000000000       -97.661482434096115     
   942.63677555633808       -74.582643869085373        14.254893308258840        3.9910721012456531     
   1317.9275716274842       -74.582643869085373        14.254893308258840        922.39523270785867     
   1000.0000000000000        571.29804500471062        0.0000000000000000        820.74267817251689     
   589.13742837251584        571.29804500471062        0.0000000000000000       -97.661482434096115     
   942.63677555633808       -74.582643869085373        14.254893308258840        3.9910721012456531     
   1317.9275716274842       -74.582643869085373        14.254893308258840        922.39523270785867     
   1000.0000000000000        571.29804500471062        0.0000000000000000        820.74267817251689     
   589.13742837251584        571.29804500471062        0.0000000000000000       -97.661482434096115     
   942.63677555633808       -74.582643869085373        14.254893308258840        3.9910721012456531     
   1317.9275716274842       -74.582643869085373        14.254893308258840        922.39523270785867     
   1000.0000000000000        571.29804500471062        0.0000000000000000        820.74267817251689     
   589.13742837251584        571.29804500471062        0.0000000000000000       -97.661482434096115     
   942.63677555633808       -74.582643869085373        14.254893308258840        3.9910721012456531     
   1317.9275716274842       -74.582643869085373        14.254893308258840        922.39523270785867     
   1000.0000000000000        571.29804500471062        0.0000000000000000        820.74267817251689     
   589.13742837251584        571.29804500471062        0.0000000000000000       -97.661482434096115     
   942.63677555633808       -74.582643869085373        14.254893308258840        3.9910721012456531     
   1317.9275716274842       -74.582643869085373        14.254893308258840        922.39523270785867     
   1000.0000000000000        571.29804500471062        0.0000000000000000        820.74267817251689     
   589.13742837251584        571.29804500471062        0.0000000000000000       -97.661482434096115     
   942.63677555633808       -74.582643869085373        14.254893308258840        3.9910721012456531     
   1317.9275716274842       -74.582643869085373        14.254893308258840        922.39523270785867     
   1000.0000000000000        571.29804500471062        0.0000000000000000        820.74267817251689     
   589.13742837251584        571.29804500471062        0.0000000000000000       -97.661482434096115     
   942.63677555633808       -74.582643869085373        14.254893308258840        3.9910721012456531     
   1317.9275716274842       -74.582643869085373        14.254893308258840        922.39523270785867     
   1000.0000000000000        571.29804500471062        0.0000000000000000        820.74267817251689     
   589.13742837251584        571.29804500471062        0.0000000000000000       -97.661482434096115     
   942.63677555633808       -74.582643869085373        14.254893308258840        3.9910721012456531     
   1317.9275716274842       -74.582643869085373        14.254893308258840        922.39523270785867     
   1000.0000000000000        571.29804500471062        0.0000000000000000        820.74267817251689     
   589.13742837251584        571.29804500471062        0.0000000000000000       -97.661482434096115     
   942.63677555633808       -74.582643869085373        14.254893308258840        3.9910721012456531     
   1317.9275716274842       -74.582643869085373        14.254893308258840        922.39523270785867     
   1000.0000000000000        571.29804500471062        0.0000000000000000        820.74267817251689     
   589.13742837251584        571.29804500471062        0.0000000000000000       -97.661482434096115     
   942.63677555633808       -74.582643869085373        14.254893308258840        3.9910721012456531     
   1317.9275716274842       -74.582643869085373        14.254893308258840        922.39523270785867     
   1000.0000000000000        446.79979386053259        0.0000000000000000        894.63397219543685     
   496.57721393821004        446.79979386053259        0.0000000000000000       -189.19615608375511     
   945.26900239098609       -81.951255947036827        61.581427186531286       -15.582590626183059     
   1425.4877860617901       -81.951255947036827        61.581427186531286        1068.2475376530090     
   1000.0000000000000        446.79979386053259        0.0000000000000000        894.63397219543685     
   496.57721393821004        446.79979386053259        0.0000000000000000       -189.19615608375511     
   945.26900239098609       -81.951255947036827        61.581427186531286       -15.582590626183059     
   1425.4877860617901       -81.951255947036827        61.581427186531286        1068.2475376530090     
   1000.0000000000000        446.79979386053259        0.0000000000000000        894.63397219543685     
   496.57721393821004        446.79979386053259        0.0000000000000000       -189.19615608375511     
   945.26900239098609       -81.951255947036827        61.581427186531286       -15.582590626183059     
   1425.4877860617901       -81.951255947036827        61.581427186531286        1068.2475376530090     
   1000.0000000000000        737.35129127940183        0.0000000000000000        675.50949160511334     
   746.27206653986184        737.35129127940183        0.0000000000000000       -45.512442412190580     
   964.13269736652433        144.33582217709738       -154.71124289169913       -44.733328353890812     
   1175.7929334601379        144.33582217709738       -154.71124289169913        676.28860566341314     
   1000.0000000000000        737.35129127940183        0.0000000000000000        675.50949160511334     
   746.27206653986184        737.35129127940183        0.0000000000000000       -45.512442412190580     
   964.13269736652433        144.33582217709738       -154.71124289169913       -44.733328353890812     
   1175.7929334601379        144.33582217709738       -154.71124289169913        676.28860566341314     
   1000.0000000000000        737.35129127940183        0.0000000000000000        675.50949160511334     
   746.27206653986184        737.35129127940183        0.0000000000000000       -45.512442412190580     
   964.13269736652433        144.33582217709738       -154.71124289169913       -44.733328353890812     
   1175.7929334601379        144.33582217709738       -154.71124289169913        676.28860566341314     
   1000.0000000000000        737.35129127940183        0.0000000000000000        675.50949160511334     
   746.27206653986184        737.35129127940183        0.0000000000000000       -45.512442412190580     
   964.13269736652433        144.33582217709738       -154.71124289169913       -44.733328353890812     
   1175.7929334601379        144.33582217709738       -154.71124289169913        676.28860566341314     
   1000.0000000000000        737.35129127940183        0.0000000000000000        675.50949160511334     
   746.27206653986184        737.35129127940183        0.0000000000000000       -45.512442412190580     
   964.13269736652433        144.33582217709738       -154.71124289169913       -44.733328353890812     
   1175.7929334601379        144.33582217709738       -154.71124289169913        676.28860566341314     
   1000.0000000000000        737.35129127940183        0.0000000000000000        675.50949160511334     
   746.27206653986184        737.35129127940183        0.0000000000000000       -45.512442412190580     
   964.13269736652433        144.33582217709738       -154.71124289169913       -44.733328353890812     
   1175.7929334601379        144.33582217709738       -154.71124289169913        676.28860566341314     
   1000.0000000000000        737.35129127940183        0.0000000000000000        675.50949160511334     
   746.27206653986184        737.35129127940183        0.0000000000000000       -45.512442412190580     
   964.13269736652433        144.33582217709738       -154.71124289169913       -44.733328353890812     
   1175.7929334601379        144.33582217709738       -154.71124289169913        676.28860566341314     
   1000.0000000000000        737.35129127940183        0.0000000000000000        675.50949160511334     
   746.27206653986184        737.35129127940183        0.0000000000000000       -45.512442412190580     
   964.13269736652433        144.33582217709738       -154.71124289169913       -44.733328353890812     
   1175.7929334601379        144.33582217709738       -154.71124289169913        676.28860566341314     
   1000.0000000000000        737.35129127940183        0.0000000000000000        675.50949160511334     
   746.27206653986184        737.35129127940183        0.0000000000000000       -45.512442412190580     
   964.13269736652433        144.33582217709738       -154.71124289169913       -44.733328353890812     
   1175.7929334601379        144.33582217709738       -154.71124289169913        676.28860566341314     
   1000.0000000000000        737.35129127940183        0.0000000000000000        675.50949160511334     
   746.27206653986184        737.35129127940183        0.0000000000000000       -45.512442412190580     
   964.13269736652433        144.33582217709738       -154.71124289169913       -44.733328353890812     
   1175.7929334601379        144.33582217709738       -154.71124289169913        676.28860566341314     
   1000.0000000000000        737.35129127940183        0.0000000000000000        675.50949160511334     
   746.27206653986184        737.35129127940183        0.0000000000000000       -45.512442412190580     
   964.13269736652433        144.33582217709738       -154.71124289169913       -44.733328353890812     
   1175.7929334601379        144.33582217709738       -154.71124289169913        676.28860566341314     
   1000.0000000000000        737.35129127940183        0.0000000000000000        675.50949160511334     
   746.27206653986184        737.35129127940183        0.0000000000000000       -45.512442412190580     
   964.13269736652433        144.33582217709738       -154.71124289169913       -44.733328353890812     
   1175.7929334601379        144.33582217709738       -154.71124289169913        676.28860566341314     
   1000.0000000000000        737.35129127940183        0.0000000000000000        675.50949160511334     
   746.27206653986184        737.35129127940183        0.0000000000000000       -45.512442412190580     
   964.13269736652433        144.33582217709738       -154.71124289169913       -44.733328353890812     
   1175.7929334601379        144.33582217709738       -154.71124289169913        676.28860566341314     
   1000.0000000000000        737.35129127940183        0.0000000000000000        675.50949160511334     
   746.27206653986184        737.35129127940183        0.0000000000000000       -45.512442412190580     
   964.13269736652433        144.33582217709738       -154.71124289169913       -44.733328353890812     
   1175.7929334601379        144.33582217709738       -154.71124289169913        676.28860566341314     
   1000.0000000000000        737.35129127940183        0.0000000000000000        675.50949160511334     
   746.27206653986184        737.35129127940183        0.0000000000000000       -45.512442412190580     
   964.13269736652433        144.33582217709738       -154.71124289169913       -44.733328353890812     
   1175.7929334601379        144.33582217709738       -154.71124289169913        676.28860566341314     
   1000.0000000000000        737.35129127940183        0.0000000000000000        675.50949160511334     
   746.27206653986184        737.35129127940183        0.0000000000000000       -45.512442412190580     
   964.13269736652433        144.33582217709738       -154.71124289169913       -44.733328353890812     
   1175.7929334601379        144.33582217709738       -154.71124289169913        676.28860566341314     
   1000.0000000000000        737.35129127940183        0.0000000000000000        675.50949160511334     
   746.27206653986184        737.35129127940183        0.0000000000000000       -45.512442412190580     
   964.13269736652433        144.33582217709738       -154.71124289169913       -44.733328353890812     
   1175.7929334601379        144.33582217709738       -154.71124289169913        676.28860566341314     
   1000.0000000000000        737.35129127940183        0.0000000000000000        675.50949160511334     
   746.27206653986184        737.35129127940183        0.0000000000000000       -45.512442412190580     
   964.13269736652433        144.33582217709738       -154.71124289169913       -44.733328353890812     
   1175.7929334601379        144.33582217709738       -154.71124289169913        676.28860566341314     
   1000.0000000000000        737.35129127940183        0.0000000000000000        675.50949160511334     
   746.27206653986184        737.35129127940183        0.0000000000000000       -45.512442412190580     
   964.13269736652433        144.33582217709738       -154.71124289169913       -44.733328353890812     
   1175.7929334601379        144.33582217709738       -154.71124289169913        676.28860566341314     
   1000.0000000000000        737.35129127940183        0.0000000000000000        675.50949160511334     
   746.27206653986184        737.35129127940183        0.0000000000000000       -45.512442412190580     
   964.13269736652433        144.33582217709738       -154.71124289169913       -44.733328353890812     
   1175.7929334601379        144.33582217709738       -154.71124289169913        676.28860566341314     
   1000.0000000000000        737.35129127940183        0.0000000000000000        675.50949160511334     
   746.27206653986184        737.35129127940183        0.0000000000000000       -45.512442412190580     
   964.13269736652433        144.33582217709738       -154.71124289169913       -44.733328353890812     
   1175.7929334601379        144.33582217709738       -154.71124289169913        676.28860566341314     
   1000.0000000000000        737.35129127940183        0.0000000000000000        675.50949160511334     
   746.27206653986184        737.35129127940183        0.0000000000000000       -45.512442412190580     
   964.13269736652433        144.33582217709738       -154.71124289169913       -44.733328353890812     
   1175.7929334601379        144.33582217709738       -154.71124289169913        676.28860566341314     
   1000.0000000000000        737.35129127940183        0.0000000000000000        675.50949160511334     
   746.27206653986184        737.35129127940183        0.0000000000000000       -45.512442412190580     
   964.13269736652433        144.33582217709738       -154.71124289169913       -44.733328353890812     
   1175.7929334601379        144.33582217709738       -154.71124289169913        676.28860566341314     
   1000.0000000000000        737.35129127940183        0.0000000000000000        675.50949160511334     
   746.27206653986184        737.35129127940183        0.0000000000000000       -45.512442412190580     
   964.13269736652433        144.33582217709738       -154.71124289169913       -44.733328353890812     
   1175.7929334601379        144.33582217709738       -154.71124289169913        676.28860566341314     
   1000.0000000000000        737.35129127940183        0.0000000000000000        675.50949160511334     
   746.27206653986184        737.35129127940183        0.0000000000000000       -45.512442412190580     
   964.13269736652433        144.33582217709738       -154.71124289169913       -44.733328353890812     
   1175.7929334601379        144.33582217709738       -154.71124289169913        676.28860566341314     
   1000.0000000000000        737.35129127940183        0.0000000000000000        675.50949160511334     
   746.27206653986184        737.35129127940183        0.0000000000000000       -45.512442412190580     
   964.13269736652433        144.33582217709738       -154.71124289169913       -44.733328353890812     
   1175.7929334601379        144.33582217709738       -154.71124289169913        676.28860566341314     
   1000.0000000000000        737.35129127940183        0.0000000000000000        675.50949160511334     
   746.27206653986184        737.35129127940183        0.0000000000000000       -45.512442412190580     
   964.13269736652433        144.33582217709738       -154.71124289169913       -44.733328353890812     
   1175.7929334601379        144.33582217709738       -154.71124289169913        676.28860566341314     
   1000.0000000000000        737.35129127940183        0.0000000000000000        675.50949160511334     
   746.27206653986184        737.35129127940183        0.0000000000000000       -45.512442412190580     
   964.13269736652433        144.33582217709738       -154.71124289169913       -44.733328353890812     
   1175.7929334601379        144.33582217709738       -154.71124289169913        676.28860566341314     
   1000.0000000000000        737.35129127940183        0.0000000000000000        675.50949160511334     
   746.27206653986184        737.35129127940183        0.0000000000000000       -45.512442412190580     
   964.13269736652433        144.33582217709738       -154.71124289169913       -44.733328353890812     
   1175.7929334601379        144.33582217709738       -154.71124289169913        676.28860566341314     
   1000.0000000000000        737.35129127940183        0.0000000000000000        675.50949160511334     
   746.27206653986184        737.35129127940183        0.0000000000000000       -45.512442412190580     
   964.13269736652433        144.33582217709738       -154.71124289169913       -44.733328353890812     
   1175.7929334601379        144.33582217709738       -154.71124289169913        676.28860566341314     
   1000.0000000000000        737.35129127940183        0.0000000000000000        675.50949160511334     
   746.27206653986184        737.35129127940183        0.0000000000000000       -45.512442412190580     
   964.13269736652433        144.33582217709738       -154.71124289169913       -44.733328353890812     
   1175.7929334601379        144.33582217709738       -154.71124289169913        676.28860566341314     
   1000.0000000000000        737.35129127940183        0.0000000000000000        675.50949160511334     
   746.27206653986184        737.35129127940183        0.0000000000000000       -45.512442412190580     
   964.13269736652433        144.33582217709738       -154.71124289169913       -44.733328353890812     
   1175.7929334601379        144.33582217709738       -154.71124289169913        676.28860566341314     
   1000.0000000000000        737.35129127940183        0.0000000000000000        675.50949160511334     
   746.27206653986184        737.35129127940183        0.0000000000000000       -45.512442412190580     
   964.13269736652433        144.33582217709738       -154.71124289169913       -44.733328353890812     
   1175.7929334601379        144.33582217709738       -154.71124289169913        676.28860566341314     
   1000.0000000000000        737.35129127940183        0.0000000000000000        675.50949160511334     
   746.27206653986184        737.35129127940183        0.0000000000000000       -45.512442412190580     
   964.13269736652433        144.33582217709738       -154.71124289169913       -44.733328353890812     
   1175.7929334601379        144.33582217709738       -154.71124289169913        676.28860566341314     
   1000.0000000000000        737.35129127940183        0.0000000000000000        675.50949160511334     
   746.27206653986184        737.35129127940183        0.0000000000000000       -45.512442412190580     
   964.13269736652433        144.33582217709738       -154.71124289169913       -44.733328353890812     
   1175.7929334601379        144.33582217709738       -154.71124289169913        676.28860566341314     
   1000.0000000000000        737.35129127940183        0.0000000000000000        675.50949160511334     
   746.27206653986184        737.35129127940183        0.0000000000000000       -45.512442412190580     
   964.13269736652433        144.33582217709738       -154.71124289169913       -44.733328353890812     
   1175.7929334601379        144.33582217709738       -154.71124289169913        676.28860566341314     
   1000.0000000000000        737.35129127940183        0.0000000000000000        675.50949160511334     
   746.27206653986184        737.35129127940183        0.0000000000000000       -45.512442412190580     
   964.13269736652433        144.33582217709738       -154.71124289169913       -44.733328353890812     
   1175.7929334601379        144.33582217709738       -154.71124289169913        676.28860566341314     
   1000.0000000000000        737.35129127940183        0.0000000000000000        675.50949160511334     
   746.27206653986184        737.35129127940183        0.0000000000000000       -45.512442412190580     
   964.13269736652433        144.33582217709738       -154.71124289169913       -44.733328353890812     
   1175.7929334601379        144.33582217709738       -154.71124289169913        676.28860566341314     
   1000.0000000000000        737.35129127940183        0.0000000000000000        675.50949160511334     
   746.27206653986184        737.35129127940183        0.0000000000000000       -45.512442412190580     
   964.13269736652433        144.33582217709738       -154.71124289169913       -44.733328353890812     
   1175.7929334601379        144.33582217709738       -154.71124289169913        676.28860566341314     
   1000.0000000000000        737.35129127940183        0.0000000000000000        675.50949160511334     
   746.27206653986184        737.35129127940183        0.0000000000000000       -45.512442412190580     
   964.13269736652433        144.33582217709738       -154.71124289169913       -44.733328353890812     
   1175.7929334601379        144.33582217709738       -154.71124289169913        676.28860566341314     
   1000.0000000000000        893.66660564853953        0.0000000000000000        448.73154329578591     
   909.17995924697539        893.66660564853953        0.0000000000000000        129.63220322511347     
   943.30689233740361       -61.003356780138390       -3.8808562366006569        57.524197714318284     
   1012.8850407530247       -61.003356780138390       -3.8808562366006569        376.62353778499073     
   1000.0000000000000        893.66660564853953        0.0000000000000000        448.73154329578591     
   909.17995924697539        893.66660564853953        0.0000000000000000        129.63220322511347     
   943.30689233740361       -61.003356780138390       -3.8808562366006569        57.524197714318284     
   1012.8850407530247       -61.003356780138390       -3.8808562366006569        376.62353778499073     
   1000.0000000000000        893.66660564853953        0.0000000000000000        448.73154329578591     
   909.17995924697539        893.66660564853953        0.0000000000000000        129.63220322511347     
   943.30689233740361       -61.003356780138390       -3.8808562366006569        57.524197714318284     
   1012.8850407530247       -61.003356780138390       -3.8808562366006569        376.62353778499073     
   1000.0000000000000        893.66660564853953        0.0000000000000000        448.73154329578591     
   909.17995924697539        893.66660564853953        0.0000000000000000        129.63220322511347     
   943.30689233740361       -61.003356780138390       -3.8808562366006569        57.524197714318284     
   1012.8850407530247       -61.003356780138390       -3.8808562366006569        376.62353778499073     
   1000.0000000000000        893.66660564853953        0.0000000000000000        448.73154329578591     
   909.17995924697539        893.66660564853953        0.0000000000000000        129.63220322511347     
   943.30689233740361       -61.003356780138390       -3.8808562366006569        57.524197714318284     
   1012.8850407530247       -61.003356780138390       -3.8808562366006569        376.62353778499073     
   1000.0000000000000        893.66660564853953        0.0000000000000000        448.73154329578591     
   909.17995924697539        893.66660564853953        0.0000000000000000        129.63220322511347     
   943.30689233740361       -61.003356780138390       -3.8808562366006569        57.524197714318284     
   1012.8850407530247       -61.003356780138390       -3.8808562366006569        376.62353778499073     
   1000.0000000000000        893.66660564853953        0.0000000000000000        448.73154329578591     
   909.17995924697539        893.66660564853953        0.0000000000000000        129.63220322511347     
   943.30689233740361       -61.003356780138390       -3.8808562366006569        57.524197714318284     
   1012.8850407530247       -61.003356780138390       -3.8808562366006569        376.62353778499073     
   1000.0000000000000        893.66660564853953        0.0000000000000000        448.73154329578591     
   909.17995924697539        893.66660564853953        0.0000000000000000        129.63220322511347     
   943.30689233740361       -61.003356780138390       -3.8808562366006569        57.524197714318284     
   1012.8850407530247       -61.003356780138390       -3.8808562366006569        376.62353778499073     
   1000.0000000000000        893.66660564853953        0.0000000000000000        448.73154329578591     
   909.17995924697539        893.66660564853953        0.0000000000000000        129.63220322511347     
   943.30689233740361       -61.003356780138390       -3.8808562366006569        57.524197714318284     
   1012.8850407530247       -61.003356780138390       -3.8808562366006569        376.62353778499073     
   1000.0000000000000        893.66660564853953        0.0000000000000000        448.73154329578591     
   909.17995924697539        893.66660564853953        0.0000000000000000        129.63220322511347     
   943.30689233740361       -61.003356780138390       -3.8808562366006569        57.524197714318284     
   1012.8850407530247       -61.003356780138390       -3.8808562366006569        376.62353778499073     
   1000.0000000000000        893.66660564853953        0.0000000000000000        448.73154329578591     
   909.17995924697539        893.66660564853953        0.0000000000000000        129.63220322511347     
   943.30689233740361       -61.003356780138390       -3.8808562366006569        57.524197714318284     
   1012.8850407530247       -61.003356780138390       -3.8808562366006569        376.62353778499073     
   1000.0000000000000        893.66660564853953        0.0000000000000000        448.73154329578591     
   909.17995924697539        893.66660564853953        0.0000000000000000        129.63220322511347     
   943.30689233740361       -61.003356780138390       -3.8808562366006569        57.524197714318284     
   1012.8850407530247       -61.003356780138390       -3.8808562366006569        376.62353778499073     
   1000.0000000000000        893.66660564853953        0.0000000000000000        448.73154329578591     
   909.17995924697539        893.66660564853953        0.0000000000000000        129.63220322511347     
   943.30689233740361       -61.003356780138390       -3.8808562366006569        57.524197714318284     
   1012.8850407530247       -61.003356780138390       -3.8808562366006569        376.62353778499073     
   1000.0000000000000        893.66660564853953        0.0000000000000000        448.73154329578591     
   909.17995924697539        893.66660564853953        0.0000000000000000        129.63220322511347     
   943.30689233740361       -61.003356780138390       -3.8808562366006569        57.524197714318284     
   1012.8850407530247       -61.003356780138390       -3.8808562366006569        376.62353778499073     
   1000.0000000000000        893.66660564853953        0.0000000000000000        448.73154329578591     
   909.17995924697539        893.66660564853953        0.0000000000000000        129.63220322511347     
   943.30689233740361       -61.003356780138390       -3.8808562366006569        57.524197714318284     
   1012.8850407530247       -61.003356780138390       -3.8808562366006569        376.62353778499073     
   1000.0000000000000        893.66660564853953        0.0000000000000000        448.73154329578591     
   909.17995924697539        893.66660564853953        0.0000000000000000        129.63220322511347     
   943.30689233740361       -61.003356780138390       -3.8808562366006569        57.524197714318284     
   1012.8850407530247       -61.003356780138390       -3.8808562366006569        376.62353778499073     
   1000.0000000000000        893.66660564853953        0.0000000000000000        448.73154329578591     
   909.17995924697539        893.66660564853953        0.0000000000000000        129.63220322511347     
   943.30689233740361       -61.003356780138390       -3.8808562366006569        57.524197714318284     
   1012.8850407530247       -61.003356780138390       -3.8808562366006569        376.62353778499073     
